#Datasets	A13208_frSF2_un-enriched_2M-subsampledSortMeRNA-0-1	A13209_frSF3_55c_SortMeRNA-100k-0-1	A13204_frPP2_55c_SortMeRNA-100k-0-1	A13213_frPP1_55c_SortMeRNA-100k-0-1	A13208_frSF2_65c_SortMeRNA-100k-0-1	A13209_frSF3_65c_SortMeRNA-100k-0-1	A13204_frPP2_65c_SortMeRNA-100k-0-1	A13213_frPP1_65c_SortMeRNA-100k-0-1	A13208_frSF2_55c_SortMeRNA-100k-0-1	A13209_frSF3_un-enriched_2-05M-subsampledSortMeRNA-0-1	A13213_frPP1_un-enriched_2-35M-subsampledSortMeRNA-0-1	A13204_frPP2_un-enriched_1-7M-subsampledSortMeRNA-0-1
"NCBI"	15.0	65.0	45.0	59.0	114.0	46.0	26.0	36.0	253.0	7.0	3.0	1.0
"cellular organisms"	2.0	8.0	1.0	6.0	7.0	6.0	2.0	7.0	14.0	0.0	2.0	0.0
"Bacteria"	645.0	14128.0	9528.0	9540.0	8631.0	11067.0	6962.0	6745.0	11798.0	534.0	640.0	426.0
"Acidobacteria"	3.0	0.0	0.0	0.0	0.0	0.0	0.0	0.0	0.0	0.0	0.0	0.0
"Bacteria incertae sedis"	0.0	0.0	0.0	0.0	0.0	0.0	0.0	0.0	0.0	0.0	0.0	0.0
"Bacteria candidate phyla"	1.0	8.0	29.0	10.0	26.0	4.0	5.0	56.0	53.0	0.0	0.0	0.0
"Candidatus Dojkabacteria"	0.0	0.0	0.0	0.0	0.0	0.0	0.0	0.0	0.0	0.0	0.0	3.0
"Candidatus Saccharibacteria"	1.0	157.0	176.0	56.0	134.0	152.0	137.0	51.0	46.0	3.0	4.0	7.0
"Candidatus Saccharimonas"	15.0	0.0	823.0	481.0	0.0	0.0	583.0	385.0	149.0	0.0	40.0	38.0
"Patescibacteria group"	2.0	0.0	0.0	100.0	5.0	0.0	0.0	0.0	8.0	0.0	0.0	0.0
"Microgenomates group"	14.0	0.0	0.0	0.0	76.0	0.0	0.0	0.0	187.0	0.0	3.0	0.0
"Candidatus Pacebacteria"	41.0	0.0	0.0	0.0	460.0	0.0	0.0	0.0	729.0	0.0	6.0	0.0
"Candidatus Woesebacteria"	3.0	0.0	0.0	0.0	0.0	0.0	0.0	0.0	0.0	0.0	0.0	0.0
"Parcubacteria group"	11.0	0.0	0.0	0.0	176.0	0.0	0.0	0.0	316.0	0.0	0.0	0.0
"Candidatus Moranbacteria"	40.0	0.0	0.0	0.0	809.0	0.0	0.0	0.0	974.0	0.0	0.0	0.0
"Elusimicrobia"	0.0	0.0	219.0	0.0	0.0	0.0	149.0	0.0	0.0	0.0	0.0	10.0
"environmental samples <bacteria,superkingdom Bacteria>"	45.0	2864.0	3816.0	2368.0	1022.0	2518.0	2991.0	1870.0	1150.0	120.0	150.0	161.0
"FCB group"	0.0	24.0	16.0	10.0	6.0	8.0	15.0	10.0	11.0	1.0	0.0	1.0
"Bacteroidetes/Chlorobi group"	2.0	30.0	86.0	44.0	12.0	22.0	43.0	26.0	19.0	0.0	3.0	7.0
"Bacteroidetes"	29.0	569.0	449.0	776.0	267.0	433.0	355.0	573.0	455.0	32.0	44.0	24.0
"Bacteroidia"	0.0	6.0	11.0	41.0	6.0	14.0	5.0	17.0	9.0	0.0	4.0	2.0
"Bacteroidales"	48.0	1645.0	780.0	1204.0	618.0	1526.0	638.0	1105.0	725.0	62.0	64.0	30.0
"Bacteroidaceae"	0.0	0.0	0.0	0.0	0.0	0.0	0.0	0.0	0.0	0.0	0.0	0.0
"Bacteroides"	0.0	0.0	0.0	0.0	0.0	0.0	0.0	0.0	0.0	0.0	5.0	0.0
"Porphyromonadaceae"	19.0	1284.0	1128.0	1673.0	419.0	1204.0	915.0	1389.0	573.0	43.0	88.0	52.0
"Microbacter"	3.0	0.0	0.0	0.0	0.0	0.0	0.0	0.0	0.0	0.0	0.0	3.0
"Porphyromonas"	23.0	2132.0	151.0	954.0	382.0	2101.0	142.0	1015.0	433.0	68.0	50.0	0.0
"Prevotellaceae"	10.0	245.0	260.0	709.0	135.0	204.0	259.0	753.0	155.0	14.0	52.0	21.0
"Prevotella"	0.0	0.0	0.0	117.0	0.0	0.0	0.0	130.0	0.0	0.0	5.0	0.0
"Rikenellaceae"	12.0	0.0	331.0	218.0	189.0	0.0	236.0	176.0	238.0	4.0	14.0	22.0
"Tannerellaceae"	0.0	0.0	0.0	0.0	0.0	0.0	0.0	0.0	0.0	0.0	0.0	0.0
"Parabacteroides"	0.0	0.0	0.0	0.0	0.0	0.0	0.0	0.0	0.0	5.0	7.0	0.0
"Tannerella"	0.0	411.0	156.0	462.0	0.0	439.0	203.0	512.0	0.0	16.0	20.0	7.0
"Flavobacteriia"	0.0	0.0	0.0	0.0	0.0	0.0	0.0	0.0	0.0	0.0	0.0	0.0
"Flavobacteriales"	0.0	0.0	4.0	39.0	0.0	0.0	5.0	29.0	0.0	0.0	2.0	0.0
"Flavobacteriaceae"	2.0	0.0	253.0	417.0	0.0	0.0	222.0	362.0	0.0	0.0	20.0	11.0
"Capnocytophaga"	4.0	0.0	203.0	883.0	0.0	0.0	177.0	815.0	0.0	0.0	37.0	7.0
"Weeksellaceae"	0.0	0.0	0.0	0.0	0.0	0.0	0.0	0.0	0.0	0.0	0.0	0.0
"Bergeyella"	0.0	0.0	0.0	116.0	0.0	0.0	0.0	122.0	0.0	0.0	0.0	0.0
"Sphingobacteriia"	0.0	0.0	0.0	0.0	0.0	0.0	0.0	0.0	0.0	0.0	0.0	0.0
"Sphingobacteriales"	0.0	0.0	0.0	0.0	0.0	0.0	0.0	0.0	0.0	0.0	0.0	2.0
"Sphingobacteriaceae"	0.0	0.0	0.0	0.0	0.0	0.0	0.0	0.0	0.0	0.0	0.0	3.0
"Chlorobi"	0.0	0.0	0.0	0.0	0.0	0.0	0.0	0.0	0.0	0.0	0.0	0.0
"Chlorobia"	0.0	0.0	0.0	0.0	0.0	0.0	0.0	0.0	0.0	0.0	0.0	0.0
"Chlorobiales"	0.0	0.0	181.0	0.0	0.0	0.0	102.0	0.0	0.0	0.0	0.0	3.0
"Chlorobiaceae"	0.0	0.0	1744.0	0.0	0.0	0.0	1464.0	0.0	0.0	0.0	0.0	83.0
"Chlorobium/Pelodictyon group"	0.0	0.0	0.0	0.0	0.0	0.0	0.0	0.0	0.0	0.0	0.0	0.0
"Chlorobium"	0.0	0.0	0.0	0.0	0.0	0.0	0.0	0.0	0.0	0.0	0.0	7.0
"Fusobacteria"	0.0	0.0	0.0	0.0	0.0	0.0	0.0	0.0	0.0	0.0	0.0	0.0
"Fusobacteriia"	0.0	0.0	0.0	0.0	0.0	0.0	0.0	0.0	0.0	0.0	0.0	0.0
"Fusobacteriales"	0.0	147.0	26.0	107.0	69.0	147.0	20.0	59.0	20.0	2.0	6.0	1.0
"Fusobacteriaceae"	4.0	0.0	24.0	98.0	0.0	0.0	20.0	67.0	14.0	0.0	5.0	1.0
"Cetobacterium"	0.0	0.0	0.0	0.0	0.0	0.0	0.0	0.0	0.0	0.0	5.0	0.0
"Fusobacterium"	0.0	0.0	156.0	1019.0	0.0	0.0	137.0	941.0	101.0	0.0	37.0	5.0
"Leptotrichiaceae"	2.0	0.0	2.0	39.0	3.0	0.0	3.0	19.0	10.0	0.0	3.0	0.0
"Leptotrichia"	13.0	0.0	273.0	904.0	191.0	0.0	250.0	826.0	236.0	4.0	38.0	8.0
"Proteobacteria"	40.0	1199.0	909.0	806.0	579.0	929.0	727.0	599.0	751.0	39.0	40.0	46.0
"Alphaproteobacteria"	5.0	83.0	173.0	0.0	110.0	74.0	150.0	0.0	142.0	3.0	5.0	5.0
"Rhodobacterales"	0.0	0.0	0.0	0.0	0.0	0.0	0.0	0.0	0.0	0.0	0.0	0.0
"Rhodobacteraceae"	10.0	184.0	0.0	0.0	0.0	101.0	0.0	0.0	0.0	11.0	8.0	5.0
"Sphingomonadales"	3.0	0.0	0.0	0.0	0.0	0.0	0.0	0.0	0.0	0.0	0.0	0.0
"Betaproteobacteria"	9.0	322.0	2356.0	789.0	230.0	358.0	2174.0	653.0	214.0	8.0	38.0	85.0
"Burkholderiales"	7.0	101.0	892.0	289.0	73.0	106.0	916.0	288.0	78.0	0.0	14.0	17.0
"Alcaligenaceae"	0.0	0.0	101.0	0.0	0.0	0.0	105.0	0.0	0.0	0.0	0.0	5.0
"Burkholderiaceae"	0.0	0.0	71.0	0.0	0.0	0.0	64.0	0.0	0.0	0.0	0.0	0.0
"Lautropia"	0.0	0.0	203.0	0.0	0.0	0.0	190.0	0.0	0.0	0.0	0.0	8.0
"Comamonadaceae"	15.0	0.0	6578.0	1259.0	389.0	0.0	7656.0	1584.0	299.0	0.0	56.0	163.0
"Brachymonas"	0.0	0.0	365.0	0.0	0.0	0.0	426.0	0.0	0.0	0.0	4.0	9.0
"Neisseriales"	0.0	0.0	0.0	0.0	0.0	0.0	0.0	0.0	0.0	0.0	0.0	0.0
"Neisseriaceae"	3.0	0.0	241.0	298.0	0.0	0.0	220.0	298.0	0.0	0.0	11.0	8.0
"Neisseria"	0.0	0.0	303.0	0.0	0.0	0.0	315.0	0.0	0.0	0.0	10.0	10.0
"Rhodocyclales"	0.0	0.0	0.0	0.0	0.0	0.0	0.0	0.0	0.0	0.0	0.0	0.0
"Rhodocyclaceae"	0.0	0.0	116.0	141.0	0.0	0.0	99.0	167.0	0.0	5.0	4.0	0.0
"delta/epsilon subdivisions"	2.0	39.0	24.0	25.0	10.0	36.0	13.0	13.0	30.0	1.0	0.0	2.0
"Deltaproteobacteria"	12.0	732.0	106.0	341.0	308.0	653.0	84.0	271.0	339.0	20.0	15.0	2.0
"Desulfobacterales"	0.0	88.0	2.0	23.0	16.0	71.0	1.0	14.0	17.0	0.0	0.0	0.0
"Desulfobacteraceae"	2.0	113.0	0.0	0.0	0.0	0.0	0.0	0.0	0.0	0.0	0.0	0.0
"Desulforapulum"	3.0	0.0	0.0	0.0	0.0	0.0	0.0	0.0	0.0	0.0	0.0	0.0
"Desulfobulbaceae"	7.0	0.0	33.0	111.0	138.0	109.0	47.0	125.0	137.0	1.0	6.0	2.0
"Desulfobulbus"	11.0	0.0	105.0	497.0	614.0	0.0	133.0	558.0	479.0	4.0	20.0	3.0
"Desulfovibrionales"	11.0	845.0	15.0	132.0	250.0	900.0	28.0	212.0	259.0	30.0	6.0	0.0
"Desulfomicrobiaceae"	0.0	48.0	0.0	8.0	64.0	39.0	0.0	9.0	55.0	2.0	0.0	0.0
"Desulfomicrobium"	22.0	1632.0	0.0	226.0	428.0	2146.0	0.0	293.0	348.0	67.0	11.0	0.0
"Desulfoplanes"	4.0	0.0	0.0	0.0	0.0	0.0	0.0	0.0	0.0	0.0	0.0	0.0
"Desulfovibrionaceae"	0.0	193.0	28.0	114.0	0.0	171.0	31.0	0.0	0.0	4.0	0.0	1.0
"Desulfovibrio"	0.0	0.0	125.0	0.0	0.0	0.0	139.0	0.0	0.0	3.0	8.0	7.0
"Epsilonproteobacteria"	0.0	6.0	2.0	8.0	5.0	1.0	0.0	5.0	3.0	0.0	1.0	0.0
"Campylobacterales"	2.0	62.0	167.0	276.0	53.0	61.0	117.0	217.0	56.0	3.0	10.0	7.0
"Campylobacteraceae"	0.0	10.0	14.0	30.0	10.0	9.0	11.0	30.0	14.0	1.0	3.0	0.0
"Campylobacter"	19.0	345.0	689.0	1557.0	353.0	373.0	573.0	1419.0	405.0	7.0	59.0	15.0
"Helicobacteraceae"	9.0	169.0	0.0	0.0	125.0	150.0	0.0	0.0	177.0	8.0	6.0	7.0
"Gammaproteobacteria"	13.0	359.0	493.0	387.0	232.0	348.0	394.0	383.0	254.0	21.0	31.0	20.0
"Cardiobacteriales"	0.0	0.0	0.0	0.0	0.0	0.0	0.0	0.0	0.0	0.0	0.0	0.0
"Cardiobacteriaceae"	0.0	0.0	0.0	14.0	0.0	0.0	0.0	13.0	0.0	0.0	0.0	0.0
"Cardiobacterium"	0.0	0.0	0.0	110.0	0.0	0.0	0.0	113.0	0.0	0.0	0.0	0.0
"Enterobacterales"	0.0	0.0	0.0	0.0	0.0	0.0	0.0	0.0	0.0	0.0	0.0	0.0
"Enterobacteriaceae"	0.0	0.0	166.0	109.0	0.0	0.0	173.0	0.0	0.0	3.0	6.0	5.0
"Moraxellales"	0.0	0.0	0.0	0.0	0.0	0.0	0.0	0.0	0.0	0.0	0.0	0.0
"Moraxellaceae"	0.0	0.0	0.0	0.0	0.0	0.0	21.0	0.0	0.0	0.0	0.0	0.0
"Acinetobacter"	0.0	0.0	0.0	0.0	0.0	0.0	114.0	0.0	0.0	0.0	0.0	0.0
"Pasteurellales"	0.0	0.0	0.0	0.0	0.0	0.0	0.0	0.0	0.0	0.0	0.0	0.0
"Pasteurellaceae"	0.0	0.0	838.0	526.0	111.0	0.0	998.0	427.0	101.0	0.0	20.0	16.0
"Aggregatibacter"	0.0	0.0	443.0	246.0	0.0	0.0	516.0	264.0	0.0	0.0	9.0	8.0
"Haemophilus"	0.0	0.0	128.0	0.0	0.0	0.0	147.0	113.0	0.0	0.0	0.0	6.0
"Pseudomonadales"	0.0	0.0	123.0	0.0	0.0	0.0	28.0	0.0	0.0	0.0	0.0	0.0
"Pseudomonadaceae"	0.0	0.0	0.0	0.0	0.0	0.0	0.0	0.0	0.0	0.0	0.0	0.0
"Pseudomonas"	0.0	0.0	0.0	0.0	0.0	0.0	0.0	0.0	0.0	3.0	0.0	0.0
"PVC group"	0.0	0.0	0.0	0.0	0.0	0.0	0.0	0.0	115.0	0.0	0.0	3.0
"Planctomycetes"	3.0	0.0	0.0	0.0	0.0	0.0	0.0	0.0	0.0	0.0	0.0	0.0
"Verrucomicrobia"	4.0	0.0	0.0	0.0	0.0	0.0	0.0	0.0	0.0	0.0	0.0	0.0
"Spirochaetes"	0.0	0.0	0.0	0.0	0.0	0.0	0.0	0.0	0.0	0.0	0.0	0.0
"Spirochaetia"	0.0	0.0	0.0	0.0	0.0	0.0	0.0	0.0	0.0	0.0	0.0	0.0
"Spirochaetales"	1.0	16.0	12.0	17.0	10.0	6.0	3.0	7.0	14.0	0.0	0.0	0.0
"Spirochaetaceae"	28.0	798.0	384.0	730.0	576.0	966.0	237.0	722.0	518.0	28.0	32.0	10.0
"Treponemataceae"	0.0	0.0	0.0	0.0	0.0	0.0	0.0	0.0	0.0	0.0	0.0	0.0
"Treponema"	10.0	220.0	0.0	399.0	178.0	238.0	112.0	427.0	157.0	10.0	16.0	4.0
"Synergistetes"	0.0	0.0	0.0	0.0	0.0	0.0	0.0	0.0	0.0	0.0	0.0	0.0
"Synergistia"	0.0	0.0	0.0	0.0	0.0	0.0	0.0	0.0	0.0	0.0	0.0	0.0
"Synergistales"	0.0	0.0	0.0	0.0	0.0	0.0	0.0	0.0	0.0	0.0	0.0	0.0
"Synergistaceae"	147.0	2404.0	482.0	2036.0	3664.0	2434.0	476.0	1959.0	3463.0	69.0	82.0	15.0
"Candidatus Tammella"	6.0	149.0	0.0	0.0	113.0	132.0	0.0	0.0	103.0	7.0	0.0	0.0
"Fretibacterium"	270.0	2657.0	721.0	4873.0	7718.0	2956.0	755.0	5351.0	6384.0	85.0	233.0	25.0
"Terrabacteria group"	154.0	5215.0	2582.0	2492.0	2261.0	4387.0	2105.0	1676.0	2970.0	195.0	159.0	115.0
"Actinobacteria"	0.0	0.0	0.0	0.0	0.0	0.0	0.0	0.0	0.0	0.0	0.0	0.0
"Actinomycetia"	88.0	5827.0	5368.0	4406.0	2456.0	6482.0	5883.0	4913.0	2070.0	180.0	233.0	208.0
"Actinomycetales"	0.0	5.0	12.0	1.0	3.0	2.0	4.0	0.0	1.0	0.0	0.0	0.0
"Actinomycetaceae"	2.0	149.0	225.0	118.0	57.0	194.0	322.0	139.0	47.0	5.0	5.0	8.0
"Actinomyces"	55.0	9097.0	4402.0	6275.0	2810.0	13489.0	6212.0	8875.0	1889.0	271.0	260.0	117.0
"Corynebacteriales"	1.0	63.0	108.0	74.0	92.0	67.0	137.0	55.0	84.0	3.0	4.0	2.0
"Corynebacteriaceae"	3.0	0.0	0.0	96.0	0.0	0.0	0.0	113.0	0.0	0.0	14.0	0.0
"Corynebacterium"	0.0	0.0	0.0	159.0	0.0	0.0	0.0	210.0	0.0	0.0	0.0	0.0
"Mycobacteriaceae"	0.0	0.0	0.0	0.0	0.0	0.0	0.0	0.0	0.0	0.0	0.0	0.0
"Mycobacterium"	5.0	1257.0	529.0	382.0	168.0	1576.0	672.0	419.0	99.0	11.0	8.0	13.0
"Micrococcales"	9.0	310.0	394.0	288.0	231.0	304.0	430.0	322.0	231.0	9.0	15.0	9.0
"Microbacteriaceae"	0.0	0.0	0.0	0.0	0.0	120.0	0.0	0.0	0.0	3.0	0.0	0.0
"Propionibacteriales"	4.0	42.0	170.0	59.0	49.0	43.0	86.0	60.0	30.0	3.0	4.0	0.0
"Nocardioidaceae"	0.0	0.0	0.0	0.0	0.0	0.0	0.0	0.0	0.0	0.0	0.0	3.0
"Propionibacteriaceae"	5.0	195.0	0.0	528.0	223.0	226.0	143.0	559.0	176.0	5.0	22.0	4.0
"Propionibacterium"	6.0	157.0	0.0	383.0	190.0	290.0	0.0	557.0	129.0	3.0	18.0	0.0
"Streptomycetales"	0.0	0.0	0.0	0.0	0.0	0.0	0.0	0.0	0.0	0.0	0.0	0.0
"Streptomycetaceae"	0.0	0.0	6.0	0.0	0.0	0.0	9.0	0.0	0.0	0.0	0.0	0.0
"Streptomyces"	0.0	0.0	124.0	0.0	0.0	0.0	160.0	0.0	0.0	0.0	0.0	7.0
"Chloroflexi"	23.0	381.0	267.0	129.0	463.0	363.0	204.0	121.0	541.0	21.0	12.0	13.0
"Anaerolineae"	0.0	0.0	0.0	0.0	0.0	0.0	0.0	0.0	0.0	0.0	0.0	0.0
"Anaerolineales"	0.0	0.0	0.0	0.0	0.0	0.0	0.0	0.0	0.0	0.0	0.0	0.0
"Anaerolineaceae"	250.0	2614.0	2741.0	1738.0	10527.0	3042.0	2634.0	2197.0	7881.0	74.0	66.0	82.0
"Cyanobacteria/Melainabacteria group"	0.0	0.0	0.0	0.0	0.0	0.0	0.0	0.0	0.0	0.0	0.0	0.0
"Cyanobacteria"	1.0	0.0	0.0	0.0	0.0	0.0	0.0	0.0	114.0	9.0	4.0	4.0
"Synechococcales"	1.0	0.0	0.0	0.0	0.0	0.0	0.0	0.0	0.0	0.0	6.0	0.0
"Merismopediaceae"	0.0	0.0	0.0	0.0	0.0	0.0	0.0	0.0	0.0	0.0	0.0	0.0
"Merismopedia"	9.0	0.0	0.0	0.0	0.0	0.0	0.0	0.0	0.0	0.0	0.0	0.0
"Firmicutes"	113.0	3634.0	2827.0	3127.0	3636.0	3464.0	2516.0	2584.0	3670.0	90.0	150.0	90.0
"Bacilli"	12.0	166.0	1454.0	1017.0	260.0	192.0	1428.0	964.0	217.0	3.0	43.0	40.0
"Bacillales"	8.0	162.0	321.0	398.0	315.0	219.0	324.0	367.0	320.0	8.0	23.0	12.0
"Bacillales incertae sedis"	0.0	0.0	10.0	17.0	0.0	0.0	16.0	20.0	0.0	0.0	1.0	2.0
"Bacillales Family XI. Incertae Sedis"	0.0	0.0	0.0	0.0	0.0	0.0	0.0	0.0	0.0	0.0	0.0	0.0
"Gemella"	5.0	0.0	799.0	1200.0	0.0	0.0	792.0	1232.0	0.0	0.0	47.0	15.0
"Paenibacillaceae"	0.0	4.0	0.0	0.0	5.0	9.0	0.0	0.0	7.0	0.0	0.0	0.0
"Paenibacillus"	6.0	100.0	0.0	0.0	110.0	143.0	0.0	0.0	99.0	0.0	4.0	0.0
"Staphylococcaceae"	0.0	0.0	5.0	0.0	0.0	0.0	2.0	3.0	0.0	0.0	0.0	0.0
"Staphylococcus"	0.0	0.0	142.0	136.0	0.0	0.0	126.0	125.0	0.0	0.0	0.0	5.0
"Lactobacillales"	7.0	0.0	2130.0	1411.0	292.0	0.0	2253.0	1459.0	248.0	0.0	51.0	66.0
"Carnobacteriaceae"	0.0	0.0	0.0	0.0	0.0	0.0	0.0	0.0	0.0	0.0	4.0	0.0
"Streptococcaceae"	0.0	0.0	156.0	72.0	17.0	0.0	177.0	67.0	24.0	0.0	4.0	8.0
"Streptococcus"	52.0	0.0	16635.0	10211.0	1810.0	0.0	20613.0	12123.0	1481.0	0.0	315.0	384.0
"Clostridia"	22.0	433.0	109.0	192.0	371.0	329.0	96.0	138.0	470.0	11.0	12.0	6.0
"Eubacteriales"	1119.0	28358.0	8116.0	12042.0	33568.0	26963.0	7228.0	11660.0	33593.0	775.0	533.0	249.0
"Christensenellaceae"	49.0	0.0	3734.0	1229.0	2327.0	0.0	3738.0	1330.0	2073.0	0.0	48.0	96.0
"Clostridiaceae"	5.0	0.0	0.0	0.0	0.0	0.0	0.0	0.0	0.0	0.0	0.0	0.0
"Defluviitaleaceae"	4.0	0.0	0.0	129.0	0.0	0.0	0.0	103.0	0.0	0.0	7.0	5.0
"Eubacteriaceae"	0.0	227.0	0.0	6.0	4.0	207.0	0.0	8.0	4.0	3.0	1.0	0.0
"Eubacterium"	17.0	0.0	0.0	280.0	354.0	0.0	0.0	298.0	337.0	0.0	13.0	7.0
"Pseudoramibacter"	0.0	0.0	0.0	0.0	0.0	113.0	0.0	0.0	0.0	0.0	0.0	0.0
"Eubacteriales incertae sedis"	0.0	10.0	4.0	59.0	2.0	7.0	5.0	49.0	8.0	1.0	1.0	0.0
"Eubacteriales Family XII. Incertae Sedis"	0.0	8.0	4.0	0.0	12.0	8.0	5.0	0.0	16.0	1.0	0.0	0.0
"Fusibacter"	7.0	173.0	289.0	0.0	335.0	164.0	251.0	0.0	319.0	6.0	0.0	7.0
"Eubacteriales Family XIII. Incertae Sedis"	0.0	15.0	24.0	121.0	72.0	19.0	21.0	47.0	74.0	1.0	4.0	0.0
"[Eubacterium] minutum"	7.0	797.0	0.0	161.0	395.0	1113.0	0.0	189.0	331.0	14.0	4.0	0.0
"[Eubacterium] saphenum"	3.0	0.0	0.0	0.0	0.0	0.0	0.0	0.0	0.0	0.0	0.0	0.0
"Mogibacterium"	0.0	0.0	262.0	0.0	0.0	0.0	299.0	100.0	0.0	0.0	0.0	3.0
"Lachnospiraceae"	84.0	1558.0	2326.0	3665.0	2250.0	1646.0	2066.0	3580.0	2056.0	49.0	169.0	69.0
"Blautia"	4.0	0.0	0.0	0.0	0.0	0.0	0.0	0.0	0.0	0.0	0.0	0.0
"Catonella"	0.0	0.0	0.0	237.0	0.0	0.0	0.0	271.0	0.0	0.0	11.0	5.0
"environmental samples <firmicutes,family Lachnospiraceae>"	4.0	0.0	0.0	0.0	0.0	0.0	0.0	0.0	0.0	0.0	0.0	0.0
"Johnsonella"	16.0	162.0	375.0	1126.0	1103.0	170.0	451.0	1536.0	728.0	0.0	40.0	13.0
"Lachnoanaerobaculum"	0.0	0.0	283.0	440.0	0.0	0.0	256.0	529.0	0.0	0.0	17.0	12.0
"Oscillospiraceae"	0.0	0.0	0.0	0.0	0.0	0.0	0.0	0.0	0.0	0.0	0.0	0.0
"Fastidiosipila"	8.0	177.0	130.0	0.0	187.0	0.0	0.0	0.0	201.0	6.0	0.0	0.0
"Peptococcaceae"	0.0	0.0	36.0	55.0	20.0	0.0	53.0	85.0	16.0	0.0	7.0	0.0
"Peptococcus"	5.0	0.0	372.0	685.0	203.0	0.0	460.0	847.0	136.0	0.0	25.0	4.0
"Peptostreptococcaceae"	9.0	181.0	587.0	917.0	327.0	153.0	562.0	952.0	318.0	5.0	35.0	17.0
"Filifactor"	0.0	0.0	0.0	147.0	0.0	0.0	0.0	165.0	0.0	0.0	8.0	0.0
"Peptostreptococcaceae incertae sedis"	0.0	0.0	0.0	0.0	0.0	0.0	0.0	0.0	0.0	0.0	4.0	0.0
"Peptostreptococcus"	0.0	0.0	151.0	210.0	130.0	0.0	145.0	255.0	99.0	0.0	4.0	0.0
"Syntrophomonadaceae"	4.0	0.0	0.0	159.0	223.0	0.0	0.0	128.0	214.0	0.0	1.0	0.0
"Pelospora"	12.0	0.0	0.0	0.0	319.0	0.0	0.0	0.0	358.0	0.0	4.0	0.0
"Erysipelotrichia"	0.0	0.0	0.0	0.0	0.0	0.0	0.0	0.0	0.0	0.0	0.0	0.0
"Erysipelotrichales"	0.0	0.0	0.0	0.0	0.0	0.0	0.0	0.0	0.0	0.0	0.0	0.0
"Erysipelotrichaceae"	0.0	0.0	0.0	108.0	0.0	0.0	0.0	144.0	0.0	0.0	5.0	0.0
"Negativicutes"	0.0	0.0	0.0	0.0	0.0	0.0	0.0	0.0	0.0	0.0	0.0	0.0
"Selenomonadales"	15.0	100.0	980.0	2024.0	386.0	110.0	1023.0	2148.0	355.0	3.0	78.0	29.0
"Selenomonadaceae"	0.0	0.0	32.0	53.0	0.0	0.0	29.0	63.0	0.0	0.0	5.0	0.0
"Selenomonas"	0.0	0.0	115.0	285.0	0.0	0.0	169.0	314.0	0.0	0.0	11.0	3.0
"Tenericutes"	0.0	0.0	0.0	0.0	0.0	0.0	0.0	0.0	0.0	0.0	0.0	0.0
"Mollicutes"	0.0	0.0	0.0	0.0	106.0	0.0	0.0	0.0	151.0	3.0	2.0	1.0
"Acholeplasmatales"	0.0	0.0	0.0	0.0	0.0	0.0	0.0	0.0	0.0	0.0	0.0	0.0
"Acholeplasmataceae"	1.0	0.0	0.0	0.0	0.0	0.0	0.0	0.0	0.0	0.0	5.0	1.0
"Acholeplasma"	8.0	0.0	0.0	0.0	0.0	0.0	0.0	0.0	0.0	0.0	0.0	0.0
"Candidatus Phytoplasma"	8.0	0.0	0.0	0.0	0.0	0.0	0.0	0.0	0.0	0.0	0.0	4.0
"Archaea"	1.0	0.0	4.0	6.0	2.0	0.0	3.0	1.0	1.0	0.0	1.0	2.0
"Candidatus Thermoplasmatota"	0.0	0.0	0.0	0.0	0.0	0.0	0.0	0.0	0.0	0.0	0.0	0.0
"Thermoplasmata"	0.0	0.0	0.0	0.0	0.0	0.0	0.0	0.0	0.0	0.0	0.0	0.0
"Thermoplasmatales"	9.0	0.0	0.0	0.0	0.0	0.0	0.0	0.0	0.0	0.0	0.0	0.0
"Euryarchaeota"	1.0	0.0	33.0	11.0	7.0	0.0	19.0	5.0	27.0	0.0	2.0	3.0
"Methanomada group"	0.0	0.0	0.0	0.0	0.0	0.0	0.0	0.0	0.0	0.0	0.0	0.0
"Methanobacteria"	0.0	0.0	0.0	0.0	0.0	0.0	0.0	0.0	0.0	0.0	0.0	0.0
"Methanobacteriales"	0.0	0.0	0.0	0.0	0.0	0.0	0.0	0.0	0.0	0.0	0.0	0.0
"Methanobacteriaceae"	0.0	0.0	50.0	7.0	109.0	0.0	66.0	7.0	9.0	0.0	4.0	6.0
"Methanobrevibacter"	18.0	0.0	588.0	301.0	0.0	0.0	392.0	212.0	113.0	0.0	39.0	47.0
"No hits"	187.0	1255.0	675.0	904.0	338.0	583.0	279.0	436.0	1116.0	126.0	199.0	118.0
"Not assigned"	0.0	4.0	4.0	3.0	2.0	0.0	2.0	2.0	7.0	1.0	0.0	1.0
